Fiirrten Friedrich August von An·
halt-Zorbrt, Schwiigoriu 146111611-
116611, † 1897.

IL 63. -

Remum, Victor Friedrich 111161
von 41111611· -.

IL 63. —-
11616661161ΠΒ611611167,8616661111)

(161116 1166161161131616, Gourier.

1. 196, 918, 311, 318, 319, 431, 439,
433, ..

11. 8, 936, 969, 368, 363. -
nertin, 11666, 1166666166116 Putr-

6166116116 111 Ρ6116 661761116616

(161113111ρη11111646161116116,11813.

1, 366 Δ. -

3681016116, Alexander AndrojeviiS
(1161,1749-1799, 1116161 86616111
im 06611161 (1611161661111 1161661166,
666161 (166616111166161 der Ρ661611
und Mitgliod dercollegiums 1161
66664111366 Angelegenheiten.

1. 90, 36, 39, 44, 49, 60, 74, 90, 117,
118,119,139,137,140,141,164,
161, 169, 166,166,167, 179, 177,
179, 181, 188190, 194, 900, 909,
mmmmmmm
919, 991, 994, 997, 930, 939, 941,
949, 948, 961, 969, 963, 969, 960,
961, 963, 964, 966, 970, 983, 986,
987, 988, 993, 997, 300, 304, 306,
307, 313, 391, 399, 396, 330, 339,
336, 347, 348, 349, 361, 369, 366,
367, 389, 383, 384, 386, 389, 409,
403, 407, 408,413,416,416,417,
496, 497, 430, 439, 434, 438, 440,
449, 443, 444, 446, 446, 447, 460,
463, 464, 466, 466, 468, 466, 467,
468, 469, 470, 479, 473, 474, 476,
481, 483, 484, 486, 487, 488, 489,
490, 609. -

11. 7,9,19,18,91,96,36,37,38,41,
49, 43, 44, 48, 60, 56, 66, 64, 76,
78, 80, 87, 96103, 104,106,107,
mmmemQ
139, 140, 149, 146, 161, 169,163,
ωωωωωωω
164, 170, 179, 189,190, 193, 900,

507

66Μ6ῌ6Μ1Μ
mmmmmfflm
484. -

116610101116, Grai, Bruder (16611611-
gen.

1. 486. —-

Bostusohewdtumin, Alexis Petro·
114, 1693-1766, 1666166661 (11666-
hauriet, 1111661 0666111161 in Ham·
burg 111111 Kopenhagen.

11. 49. -

Bam, 11611 11666116 von (natur
1161161 661111 des Fssrsten Ι16111111·
betzky 6616166186111166111), 111661-
661161 (1666161116111611661, 76116661
(161 Κ61661111, Ρ11161116111 (161 4116116-
11116 (161 11116616.

1. 39, 61, 69, 64, 66, 67, 68, 67, 69,
116, 196, 138, 140,]43, 169, 160,
164, 166, 176, 194, 949, 990, 300,
306, 331. -

Βθῐιὶς, Ν6161161611 (119·86116161),
161696116111666, 6611666661161111661-
11611 11111116τί666 11.

l. 61, 139, 300. -

Bibikow, imis. 1666166661· 066161,
opiter Generallieutenant und Ad-
]’1116111 der Kaiserin.

1. 319, 399 Δ, 393, 360. -

11. 171. -

11161166, 14Ι (16 Florida· —, Minister
Karis 111. von Spanien.

11. 300. -

1161116611, 7116111 (116ςο116νίό von
-, 1769-1800(9), 66191116661861111
(161 1461661111 Κ6166116611.111111 (166
1111161611 Gregor Orlow, 11616. 111661-
661161 Generalmajor.

1. 169,166. -

Burei! (Bork), 0611116666 (16.
Ι. 169, 166. -

Boreir (Bork), (161 Sohn (161 Com·
16666116-,

I. 169, 166. -

6611611661161, 63616116611γΙ

Β61161161611, der Mentor 1166 Mr (16
Pobrinsky 6111 (1666611 116166.

1, 398. —-

 

